8.330618621812839464e-02
9.212900854543797091e-02
8.499440753796101700e-02
9.319461740051723786e-02
9.032479002198919027e-02
9.276432696579202386e-02
9.041155312957468992e-02
9.318495836289693302e-02
9.084836460930786894e-02
9.277910136619078874e-02
9.398691208086704107e-02
9.034068281380040755e-02
9.341326893556564648e-02
9.293054340339144959e-02
9.149499651772299846e-02
9.034465281297479611e-02
9.073094472014714418e-02
9.494264462495520529e-02
9.522024456780969759e-02
9.084018032429244660e-02
9.962497264389315321e-02
8.660511879834546789e-02
9.591789800494406049e-02
1.001989124785108570e-01
8.709349593495860353e-02
9.767099803237817846e-02
9.121255141785934717e-02
1.011044764075767904e-01
9.564109902690322296e-02
8.997971711659936978e-02
9.595158358051826542e-02
1.027293963362164025e-01
8.605998695189404080e-02
8.298682089378529858e-02
1.165867072314534097e-01
9.623638291718905613e-02
9.216618361055223252e-02
9.370623462932005376e-02
9.537819140804153217e-02
9.943406002152140044e-02
9.200663655636524829e-02
1.024379732807970955e-01
9.345554640101873256e-02
9.622339605182046729e-02
1.029190983893910616e-01
9.263062996077842115e-02
9.752217923164166469e-02
9.488843006516092804e-02
9.607018283567791972e-02
9.823528258995087303e-02
9.870553028960694919e-02
9.796596260184843585e-02
9.795720984759670458e-02
1.044986342500891646e-01
9.749260815437235661e-02
1.027182934076517756e-01
9.750233426703978912e-02
1.011578096585173669e-01
1.011649288716450906e-01
1.076335058298091979e-01
1.001371481199689606e-01
1.042526526861067004e-01
1.004062669696898502e-01
1.077432721151573708e-01
1.051072834852917609e-01
1.071795147090396777e-01
1.089599982531993527e-01
1.042477857620320997e-01
1.135730726282438152e-01
1.068587723247796384e-01
1.155799953692975418e-01
1.209363186972951948e-01
1.141453988291260685e-01
1.137294382636004630e-01
1.225232387475529566e-01
1.263830752937618873e-01
1.252160555500048678e-01
1.307602034163515836e-01
8.623174630605720536e-02
1.295259493999693368e-01
1.625980742957513214e-01
1.232207379291643395e-01
1.337113195446535396e-01
1.497830909908554331e-01
1.405743718027999967e-01
1.439791276810126752e-01
1.401211577294142197e-01
1.318100518926322851e-01
1.018077675043789487e-01
1.332984027944426053e-01
1.171475881760947885e-01
1.071300087901724957e-01
1.008938226275014893e-01
8.347118881585548211e-02
6.738594527530898659e-02
7.220053379499395685e-02
4.408733923212287964e-02
2.913375516055915701e-02
2.192223561428577328e-02
9.476423023135579701e-03
8.354291926103556490e-03
2.274840030869004076e-02
2.805385137450693706e-02
4.072959225197364530e-02
6.878765992571189702e-02
6.512440951030035174e-02
8.728007965343737018e-02
9.172431491155719208e-02
1.074097536882342441e-01
1.102098681018130466e-01
1.282079266261882955e-01
1.324755493122000971e-01
1.016463674996442440e-01
1.428140875620751704e-01
1.494724008975314156e-01
1.402800213135910190e-01
1.599680214895586872e-01
1.340531004319946429e-01
1.412546224417778606e-01
1.433214367618392548e-01
1.378008767818245106e-01
8.804962882209455000e-02
1.349594465648843444e-01
1.184137181728003446e-01
1.177659549479712076e-01
1.405738969453880494e-01
1.108352144469526568e-01
1.119666256019713618e-01
1.235256203673852360e-01
1.077152554097584314e-01
1.168379289359118695e-01
1.077283321823201967e-01
1.149653361586474298e-01
1.021116817744678468e-01
1.089589065024670622e-01
1.056137455299517997e-01
1.056246825799903172e-01
1.066916682693327678e-01
9.889170611889129547e-02
1.033860490214395383e-01
1.023364007132169518e-01
1.042189838682858471e-01
1.013186613313930701e-01
9.900181667390704765e-02
9.795517605220968593e-02
1.071083616471142780e-01
9.620013821169413892e-02
1.064052481847909681e-01
9.319271956570207571e-02
1.002109029846274119e-01
9.782060800250036436e-02
9.426782182879764327e-02
9.197515003578778103e-02
1.036513947520904672e-01
9.494890011777694372e-02
9.871934335443005581e-02
9.752897035546137516e-02
9.796929902047370187e-02
9.385471708757193998e-02
9.709074992705017670e-02
9.794111874386625394e-02
9.383840286279288012e-02
9.795537206330461044e-02
8.946642051870271062e-02
9.756149983391744496e-02
1.000872302879589754e-01
9.355522220138826062e-02
9.016569306216688784e-02
9.956892270406653145e-02
9.137981303642672692e-02
9.741233608547880674e-02
8.216333551769339216e-02
1.082523538049580819e-01
9.568765906959827983e-02
9.806154449235454651e-02
9.400480066009175850e-02
9.723176007293923839e-02
9.058462094515196128e-02
1.000568884985446189e-01
9.426422190879224505e-02
9.337758222089626026e-02
8.945771812080477448e-02
9.784185353614512082e-02
9.057821092176149280e-02
1.007073565076810479e-01
8.980642021592902258e-02
9.348725727019155385e-02
9.372488262910756707e-02
9.591456146422035201e-02
9.096865318024517644e-02
9.110792758595498420e-02
9.321589275378559802e-02
9.294652167436323609e-02
9.146321346090320603e-02
9.271480211326423027e-02
9.043952866334104002e-02
9.779074084930935995e-02
8.375787135245366111e-02
9.473719014510090242e-02
8.602252051220389550e-02
