9.160149111906915054e-02
9.496201860235979619e-02
9.415956288257286422e-02
9.335865497402547064e-02
8.651316924988822210e-02
1.046543191831438152e-01
9.271030289548826131e-02
9.252646606225868597e-02
9.664749845105369275e-02
9.667209681172836411e-02
9.213688803431460683e-02
9.577983764177540327e-02
9.507334730424941982e-02
9.441459677266741957e-02
9.635280946590200901e-02
9.538479179008989284e-02
9.509869298479572963e-02
9.552500143521440445e-02
9.666182592700106602e-02
9.578054623862049255e-02
9.568229156714001815e-02
1.009673774890544745e-01
9.577927048646996122e-02
9.162340985524161652e-02
1.005303789853625729e-01
9.481881454022667022e-02
9.718710002715118257e-02
9.675451298387864607e-02
9.650007700600655991e-02
9.706434809550568144e-02
9.679518118809937732e-02
9.231392330492123321e-02
1.000209518108349793e-01
9.512164917027007838e-02
9.410414777878507719e-02
1.123115182067791068e-01
8.698572847509032646e-02
9.740040579031514212e-02
9.253272032924272916e-02
1.040444166406001431e-01
9.398881376998577397e-02
1.002309236947793725e-01
9.870057949803157094e-02
9.581933700597006220e-02
9.930565226906479248e-02
9.823153661133252057e-02
9.960281026705501695e-02
9.208620531201161530e-02
1.040453309533201642e-01
9.706144342673397873e-02
1.024012338113334669e-01
9.930285985898748558e-02
9.977710999223848853e-02
1.017264127963628528e-01
1.028686084939544748e-01
1.032140504035586881e-01
1.016206519095109867e-01
1.006757572100883263e-01
1.085733495271968552e-01
1.030568403741384115e-01
1.075807110747857287e-01
1.084240370201395159e-01
1.046081307627833995e-01
1.153769703693428156e-01
1.078936561115309833e-01
1.110473393842319328e-01
1.102611692960365625e-01
1.044390274522932344e-01
1.251657625075350277e-01
1.196285803462097674e-01
1.164237236746980958e-01
1.225401384592716275e-01
1.077487589035175802e-01
1.398519907109492810e-01
1.204676111899549845e-01
1.405521747665388621e-01
1.259522134566102569e-01
1.334255834375581429e-01
9.144519794721417405e-02
1.441887632651873974e-01
1.332967999999999931e-01
1.393151734708093781e-01
1.424739464692490465e-01
1.585520469692162093e-01
1.421012330946693492e-01
1.381797585168405840e-01
1.613233774620601857e-01
1.437445060469390301e-01
1.293330228707436080e-01
1.189355728968405079e-01
1.269589093214970876e-01
1.134790952240360834e-01
1.049672578444751786e-01
7.178464849354374011e-02
7.465621311499891222e-02
6.120902842326694793e-02
4.732474516087211563e-02
2.991089527507516041e-02
2.109076049588938170e-02
8.892299282075832520e-03
8.451966864524236914e-03
2.045356518831328504e-02
2.998979071412920250e-02
4.709227265883773189e-02
6.121636345828945780e-02
7.563813064901299399e-02
8.799066654926482323e-02
1.012762856969377234e-01
1.009166935679122051e-01
1.605529850266694536e-01
1.208330113965615377e-01
1.275352759562142224e-01
1.352626024839687358e-01
1.412509527170070500e-01
1.441701053239071717e-01
1.424424763640508296e-01
1.309712004189030887e-01
1.574439857561530931e-01
1.415553481003702929e-01
1.375623211534229284e-01
1.505627353517096367e-01
9.010074540979809421e-02
1.294543005286711290e-01
1.376626764043696050e-01
1.256826559013067279e-01
1.256663574133049799e-01
1.229993861264576105e-01
1.167733644859814679e-01
1.336826146456645825e-01
1.099241271311680174e-01
1.181301909562007257e-01
1.112310606060604445e-01
1.174817604142148197e-01
1.191375564098284962e-01
1.095090745495638507e-01
1.052836954229068034e-01
1.149578457569334911e-01
1.037585231997336238e-01
1.082771186256869661e-01
1.071709719742748729e-01
1.114698660714288636e-01
9.580347417302011170e-02
1.050725093256215381e-01
1.025872652125876666e-01
9.961353520902856140e-02
1.092588555858313437e-01
9.547862205624618737e-02
1.057139843914786381e-01
1.013084508749945156e-01
1.016258844040786730e-01
1.005020080321286924e-01
9.677559702214084958e-02
9.536330599897220595e-02
1.058237555987497081e-01
9.523941085684832497e-02
1.035885515037049120e-01
9.579806123428394327e-02
9.768329191695854230e-02
9.552831524755481252e-02
9.856426257998228413e-02
9.678148212796493233e-02
1.009688469100273739e-01
9.426274472713516706e-02
1.013369743974978782e-01
9.539087730026353518e-02
9.858787747121318390e-02
9.451557912681203544e-02
9.570542754344354974e-02
9.883663610371543062e-02
8.987955478285909738e-02
1.016669370538608730e-01
1.014061994172869019e-01
9.622804491793790493e-02
1.023622450023538716e-01
9.183555457649421327e-02
1.005232663044581809e-01
9.375549281026131221e-02
9.749727647653955165e-02
9.548407376362068322e-02
9.752320174329232039e-02
9.513230628953543710e-02
9.593570057581554678e-02
9.681098696461840070e-02
9.264449311407185750e-02
9.553383170404489144e-02
9.824417848058755731e-02
9.682008611660784803e-02
9.225799892792985180e-02
9.765912471619808688e-02
9.317600492895961040e-02
9.638629824866319640e-02
8.986304081779562802e-02
9.553867059656631633e-02
9.564046537481066257e-02
9.039208951716456997e-02
9.505680307002567497e-02
9.147598508662943551e-02
9.610216599578186303e-02
8.913507172185905492e-02
9.364777055792074256e-02
