9.398012748406624206e-02
9.109774490741522068e-02
9.711709792376724271e-02
8.804924308945948075e-02
9.277595749801102742e-02
9.576025067828380921e-02
9.154707863523108002e-02
9.464905459993624981e-02
9.610549619790074993e-02
9.360315522584362891e-02
9.764648246129646603e-02
9.606982697230370682e-02
9.199848836780574746e-02
9.579031205619394085e-02
9.306208053691313042e-02
9.455473678228390466e-02
9.680306409386245370e-02
9.609645745090450442e-02
9.765128245260430717e-02
9.398356246826340687e-02
9.626902967860971605e-02
9.210967124397249906e-02
9.660141696106107345e-02
9.795513609629462326e-02
9.765271933925541437e-02
1.019448567536228867e-01
9.160330457669219051e-02
9.659785269569669264e-02
9.454639758581678821e-02
9.736422966358479480e-02
9.281668240128723713e-02
1.024103276411483798e-01
1.004881520388113403e-01
9.113873222727217338e-02
9.882655186779605583e-02
9.738176993912930901e-02
9.828336319073968652e-02
9.871657965511769495e-02
9.148413585790947378e-02
1.005005740990676938e-01
9.991391391391418741e-02
9.811211352870681524e-02
9.538314542327468171e-02
1.007172978753451270e-01
9.928183500109492854e-02
9.781708250721422859e-02
1.002017950725856837e-01
9.421311968705374518e-02
1.016032592172200905e-01
1.001938875452236810e-01
1.017650163408646280e-01
1.030768123689291549e-01
9.373866377456591126e-02
1.048515659323410315e-01
1.097752759768710618e-01
1.000558871080421547e-01
1.050556382153851609e-01
1.017943191753248461e-01
1.035729063224100355e-01
1.035403713878510351e-01
1.097623332162915716e-01
1.106174782242508314e-01
1.034748994735322919e-01
1.117887453254809427e-01
1.112247626688052521e-01
1.149493321050214095e-01
1.149518610650449163e-01
1.117701731204223670e-01
1.181069422388658918e-01
1.151946280800712485e-01
1.150047220878529231e-01
1.166141051697159869e-01
1.196196616018783548e-01
1.227247059978886362e-01
1.401390715504943763e-01
1.221535799580837356e-01
1.312779828764428225e-01
1.361854437773375726e-01
9.039963751699107986e-02
1.326638548125288752e-01
1.372246472300005515e-01
1.167995233978924297e-01
1.483279480642679948e-01
1.238366011451801640e-01
1.322769108701398744e-01
1.399522876731493781e-01
1.190755040755041849e-01
1.266801265822782296e-01
1.439179501943288753e-01
1.102630243945476041e-01
1.062573769795777112e-01
1.011220504310518797e-01
8.976657153626624308e-02
8.038365143628313503e-02
6.773050126060675691e-02
5.673098831192233127e-02
3.778871752553638469e-02
2.828286208716412203e-02
2.139519095480826860e-02
1.040199641333043774e-02
1.010558689932172793e-02
2.183990077283909717e-02
2.852161213157646327e-02
4.080834478287990313e-02
5.095676055763895956e-02
6.558542914433246329e-02
7.640787240224493349e-02
8.683067552794598853e-02
9.557592723520515199e-02
1.094745086869838846e-01
1.090936737007325158e-01
1.227207326654878999e-01
1.355328868886245264e-01
1.173262057161612026e-01
1.448272363615280833e-01
1.237481444829291871e-01
1.463013658565118780e-01
1.274826486348560883e-01
1.376687850775831223e-01
1.301244078913123825e-01
1.349464049464049742e-01
8.964676257725930075e-02
1.432011132351296290e-01
1.194823764924569376e-01
1.305179593961479645e-01
1.235284693122993549e-01
1.316578158683430200e-01
1.153353637433372353e-01
1.276388604222175593e-01
1.139550839317568925e-01
1.237523861467148406e-01
1.129647649867612097e-01
1.143772054442970809e-01
1.236803609947188798e-01
1.040498279995826503e-01
1.114552638628446696e-01
1.066400991474185378e-01
1.103115677825649982e-01
1.125896522170594938e-01
9.990275299260178987e-02
1.130265034062871571e-01
1.053865399575297929e-01
1.014611243777071847e-01
1.062868286065536544e-01
1.020885096330085978e-01
1.074666066336483206e-01
1.000289455823050733e-01
1.018836277878302360e-01
9.651574651574629238e-02
1.037304477364897060e-01
9.823545575881320602e-02
1.016030456852782260e-01
9.793579774139389571e-02
1.048113740505937364e-01
9.173901073689982866e-02
1.000892373714077216e-01
1.030867257368275197e-01
9.361041834649108662e-02
9.901886867324086183e-02
9.826075829757091595e-02
9.622385038079613040e-02
9.792113074760656899e-02
1.024301486461476202e-01
9.496461052551422033e-02
9.755675823531832769e-02
9.456284929430647246e-02
9.705705004765625976e-02
1.061900110422141219e-01
1.051883328087299119e-01
8.926307730655577699e-02
9.928693103038342682e-02
9.594193745933377038e-02
9.636877414890082649e-02
9.924416759244579500e-02
9.030301936508658422e-02
1.016359545095159855e-01
9.319031064676358556e-02
9.824781466818134634e-02
8.722342053993950572e-02
1.066114384158925871e-01
9.767543945217092849e-02
9.276829970111556689e-02
9.524636464257063562e-02
1.026366103367467586e-01
9.070457399756101657e-02
9.505609830560332596e-02
9.073734142706532668e-02
9.470000189692133474e-02
9.975605366819295661e-02
9.663025795956152464e-02
8.983462597397953719e-02
9.598969547831578963e-02
9.098091749138806361e-02
9.413240286684274039e-02
9.446238996561884260e-02
9.505670915895783613e-02
9.095494283792886214e-02
9.163955698515888204e-02
9.471641452773618686e-02
9.113167078667766541e-02
