9.466299031179728485e-02
9.279301791796316923e-02
9.178976076730115119e-02
9.216403507159555419e-02
9.211387194001323386e-02
9.493814764999064515e-02
9.230073633897281637e-02
8.583072531554236662e-02
1.082229353223035234e-01
9.278480070001762781e-02
9.237734240329152635e-02
9.723851084140180956e-02
9.987689412894960872e-02
9.071956960322814789e-02
9.582037698184298069e-02
9.854093861675498889e-02
9.162200359751718204e-02
9.175352488097336667e-02
9.664317112371825780e-02
9.329506207411626673e-02
9.683977494634647687e-02
9.661923425945515009e-02
9.941000019865288417e-02
9.414449097635650687e-02
9.751988951350999690e-02
9.721721255841936360e-02
9.849744496855282472e-02
9.317907145380545375e-02
9.677877097129108930e-02
9.607114109394748747e-02
1.005082197273467898e-01
9.127075141983374829e-02
9.721516532531754295e-02
9.797955018251693071e-02
9.747691163810016934e-02
8.938821549424431911e-02
1.044419110571892101e-01
9.332928197456964725e-02
1.074961226951586246e-01
9.466619870615246291e-02
9.399917139036877145e-02
1.011694602646996122e-01
9.796356998449354259e-02
9.946795791487331173e-02
1.024394499178985507e-01
9.618993377994811134e-02
1.011472120315379114e-01
1.001459445410743110e-01
1.060591633339684342e-01
9.413106750539897150e-02
1.032264042167675838e-01
9.766533554105369386e-02
1.042110076488197007e-01
9.972143184034042152e-02
1.048579438470230024e-01
1.017570036540808298e-01
1.064199732501112383e-01
1.075091260468108434e-01
9.915417071093228507e-02
1.118859502287698204e-01
1.095702269341973234e-01
1.084166159728860851e-01
1.079094701800661776e-01
1.058135345357434642e-01
1.133669437253028572e-01
1.110322738495078815e-01
1.123640539505972452e-01
1.115646030361983621e-01
1.176928345378099178e-01
1.160191349690390950e-01
1.196283071319021590e-01
1.168074798726839447e-01
1.203075291622475174e-01
1.090100499226094311e-01
1.441500690766743809e-01
1.220990301671622952e-01
1.224190555257119034e-01
1.237858924030314361e-01
9.026151479504126995e-02
1.205711037468861074e-01
1.363545474384848522e-01
1.248742350443365484e-01
1.342469079494540418e-01
1.252695451582167274e-01
1.172674623086119305e-01
1.281047157970233719e-01
1.160978528605290522e-01
1.118858305569842004e-01
1.110046853488475260e-01
9.993053612121717555e-02
1.005112552460890180e-01
7.423152343459842040e-02
8.165425809822379755e-02
7.282903930130994741e-02
6.099555912539923741e-02
5.009699738537488900e-02
4.041719742134056853e-02
2.771617807659695204e-02
2.324478236592873032e-02
1.200447511780401884e-02
1.182838857061330531e-02
2.209960044247933839e-02
2.734906628528382608e-02
4.055491495290827753e-02
5.071869801598576089e-02
6.132191302429874924e-02
7.177250919328892476e-02
9.748348950926349898e-02
8.270776837092390366e-02
9.263069593266851087e-02
1.089070966899522569e-01
1.000673687160902464e-01
1.052607752721453627e-01
1.208307978363759444e-01
1.171461733258302162e-01
1.194436219494722368e-01
1.244677648112669649e-01
1.229113363511117468e-01
1.345343460142498226e-01
1.303964424506399433e-01
1.316599931508653787e-01
8.615995126326288223e-02
1.203398837923383424e-01
1.269361249651885515e-01
1.245001614385414651e-01
1.499281953087612806e-01
1.059869659973332739e-01
1.187022085015442124e-01
1.230348455288557685e-01
1.137613003378694920e-01
1.192136870507897045e-01
1.104906712701673455e-01
1.244390146604164860e-01
1.123376184794116772e-01
1.110155728587314677e-01
1.133530921396290053e-01
1.070103976846390748e-01
1.103024679083536991e-01
1.104844956950928603e-01
1.054146124711711208e-01
1.046595695634865708e-01
1.062555635623749634e-01
1.027390662786408920e-01
1.037325167590832931e-01
1.050611954061525938e-01
1.040302162453825424e-01
1.045291479820633362e-01
9.676506931304793002e-02
1.003673747222165874e-01
1.014623729911345446e-01
9.989321144134585828e-02
1.015916519479464486e-01
1.028899835796386331e-01
1.007573624074670493e-01
9.398364046634140323e-02
1.031134433816081886e-01
9.855159748825043087e-02
9.964472476148691915e-02
9.781973895661066898e-02
9.680300209448454429e-02
9.551134841351854865e-02
1.038901172249799137e-01
9.451885861728709370e-02
9.946590139104863337e-02
9.784640708588894509e-02
9.307834290401957589e-02
1.002048604137378701e-01
9.698535828565882366e-02
9.693246195788875197e-02
9.415857574790122142e-02
9.961650803743483940e-02
9.412626281593874933e-02
9.579097232838997000e-02
9.848809969092661709e-02
9.632282160871703802e-02
9.900661597709072004e-02
9.537558506792488677e-02
9.621238292645485635e-02
9.944351862873558601e-02
9.225240645648098703e-02
9.830693127613135407e-02
9.989604158336762296e-02
9.070752230885213707e-02
9.524091212670492135e-02
9.607132530120533753e-02
9.636931466584215678e-02
9.470109468971023292e-02
9.147789751484509957e-02
9.945879679464179890e-02
9.069780119934670037e-02
9.282420749279415850e-02
9.609905869217900964e-02
9.098705796573193505e-02
9.929468176120596901e-02
9.642533500433854432e-02
9.911177565651425880e-02
8.685174257150823918e-02
9.239438956060044839e-02
9.000897424392029222e-02
9.037293390291765982e-02
