9.160026317713290678e-02
9.214217434464533341e-02
9.334822675230357303e-02
9.187861907205119305e-02
9.149540045265334987e-02
9.592145304216369295e-02
9.335610812425457206e-02
9.914981526359696595e-02
8.911650242787755305e-02
9.650311737598095407e-02
9.439698444869622229e-02
9.034412845531399061e-02
8.968027174206170959e-02
1.029307465517597803e-01
9.755628077854991420e-02
9.095225077455884599e-02
9.496746451539200828e-02
9.426251180358748150e-02
9.899547816429420111e-02
9.345456245325366174e-02
9.597451130701328825e-02
9.185726348250804196e-02
9.619140061890835147e-02
9.942080729941531192e-02
9.623394821198918980e-02
9.840438059350006816e-02
9.617842952839771031e-02
9.382338070894807869e-02
9.453957417919212070e-02
1.005112371940093952e-01
9.215590765384894245e-02
9.622958370919214299e-02
9.912693547430177776e-02
1.004304449271861133e-01
9.395839619794836561e-02
9.902205824010250346e-02
9.470020296287799677e-02
1.007021083425802405e-01
1.003700426353472674e-01
9.549429730557296159e-02
9.767519226629615969e-02
9.932345040294457417e-02
9.634852609023017433e-02
9.554719797886992994e-02
1.024328927926445865e-01
9.577742319966155160e-02
1.000431025841509586e-01
1.043176328502410932e-01
1.000259439610446666e-01
1.033716206462782644e-01
9.944756312855790314e-02
9.781662796823507866e-02
1.072850233274837140e-01
1.009558823529409927e-01
9.764682964838815316e-02
1.057356476989919081e-01
1.048684045357546196e-01
1.052301870927049021e-01
1.074850235114770958e-01
1.014705584681092759e-01
1.072215553459660714e-01
1.073488922348887625e-01
1.149700598802389506e-01
1.046256522012448259e-01
1.131608778452895397e-01
1.137457553727291154e-01
1.100630733944951284e-01
1.153329635023001010e-01
1.086232452698583928e-01
1.203285693592771044e-01
1.073851415297254613e-01
1.271033868092689423e-01
1.143359527136941500e-01
1.243761041029079611e-01
1.189534800883383231e-01
1.158680627788179901e-01
1.192549243505564849e-01
1.148601278438382139e-01
8.975757248528692944e-02
1.315461359797296392e-01
1.176214791632348849e-01
1.143405072844959347e-01
1.190330906841752523e-01
1.264803797468353752e-01
1.149873548683758295e-01
1.061675795015494111e-01
1.019037080851758065e-01
1.006378464261295097e-01
9.652118087735567231e-02
9.992264641215235776e-02
8.172759780549929132e-02
9.957415009365919167e-02
6.758084131724391430e-02
6.504207983859654207e-02
6.587990217083185274e-02
4.838356182924338084e-02
3.989699892690595079e-02
2.720568225394584885e-02
2.238068454469925930e-02
1.473376406842695323e-02
1.469396418160138183e-02
2.298125214895365559e-02
2.881234739143586493e-02
3.835774602118660614e-02
4.812933256588002723e-02
5.491331350882777684e-02
6.601362153020905177e-02
7.308564710006276721e-02
8.497689432551817912e-02
7.431406814700250441e-02
9.619833916420000852e-02
9.385571578789239644e-02
1.031036403011240665e-01
1.105581210366999162e-01
1.148712466087274953e-01
1.053330315026953373e-01
1.254265081991877140e-01
1.295149834093737018e-01
1.203721344206295923e-01
1.193808352634970066e-01
1.248423839736225727e-01
8.463168566964728023e-02
1.182072276860273441e-01
1.271872859643337628e-01
1.138445988916138019e-01
1.219096614127267580e-01
1.178763061282128294e-01
1.153330564592414953e-01
1.216530338176043391e-01
1.100901418408379295e-01
1.185681715629232080e-01
1.137608824467838536e-01
1.104727337110486263e-01
1.167977436041472555e-01
1.093213284262176815e-01
1.131722746236175359e-01
1.084329104023637608e-01
1.023168832233471159e-01
1.106668588024032479e-01
1.047329255218513028e-01
1.142283675289924444e-01
1.062387401708308615e-01
1.057358896481912086e-01
1.047337525329537777e-01
1.019133016144115333e-01
1.017671897521267715e-01
1.025680902003315020e-01
1.004882401299305450e-01
1.038867244166282316e-01
9.944658229856791209e-02
1.045466889492370627e-01
1.038661933823230993e-01
9.563736620175153358e-02
1.020304258395619140e-01
9.306419183080713586e-02
9.901704060782787198e-02
1.030894292147831459e-01
9.992492642789935209e-02
9.510680055639175734e-02
1.037638545197451800e-01
8.835256432945197413e-02
1.099241020210034864e-01
1.042127837639922755e-01
9.084381427349372262e-02
9.456651450002753756e-02
1.021506036423175112e-01
9.663225981369916173e-02
9.391336187471907571e-02
1.023993871297240038e-01
9.111793678777101169e-02
9.653645482374277609e-02
9.751021202100761121e-02
1.006637345864970223e-01
9.326881840726411466e-02
9.716621994328598910e-02
1.057528843517310663e-01
8.999030712067626614e-02
9.345588783652898635e-02
9.411344987513353688e-02
9.650571791613711536e-02
1.019928716904281718e-01
8.896672660269383526e-02
1.002480417754583186e-01
9.636265348675492060e-02
9.680173267807569426e-02
9.043026167749403099e-02
9.711661932371017103e-02
9.621324592692422073e-02
9.451862795234709791e-02
9.059476922518366893e-02
9.738484948984627021e-02
9.322136748945009099e-02
9.595716867238233971e-02
9.636065257264331274e-02
8.747900923593651679e-02
9.381726478418975224e-02
9.237848215769231541e-02
9.175803056648608458e-02
8.902932613789600602e-02
9.640124572263450431e-02
