0.032     170      1.5      -16.0
0.034     290      0.5       17.2
0.214    -130      9.0       12.7
0.263    -70      7.0       15.1
0.275    -185      8.8       13.4
0.275    -220      5.0       17.2
0.45     200      9.9       13.3
0.5      290      8.4       15.1
0.5      270      7.4       16.1
0.63     200      9.5       14.5
0.8      300     11.3       13.2
0.9      -30      8.3       16.4
0.9      650      9.1       15.7
0.9      150      9.0       15.7
0.9      500     10.4       14.4
1.0      920      9.1       15.9
1.1      450      9.6       15.6
1.1      500     10.4       14.8
1.4      500      8.7       17.0
1.7      960     12.0       14.2
2.0      500     10.0       16.5
2.0      850      8.8       17.7
2.0      800      9.7       16.8
2.0      1090      9.5      17.0